1 1
1 2
1 3
2 3
3 3
4 3
5 3
5 2
5 1
6 1
7 1
8 1
9 1
9 2
9 3
10 3
11 3
11 4
11 5
12 5
13 5
13 6
13 7
14 7
15 7
15 8
15 9
14 9
13 9
13 10
13 11
12 11
11 11
11 12
11 13
12 13
13 13
13 14
13 15
12 15
11 15
10 15
9 15
9 14
9 13
9 12
9 11
8 11
7 11
7 10
7 9
6 9
5 9
5 8
5 7
5 6
5 5
4 5
3 5
2 5
1 5
1 6
1 7
2 7
3 7
3 8
3 9
2 9
1 9
1 10
1 11
1 12
1 13
2 13
3 13
3 14
3 15
2 15
1 15
1 16
1 17
2 17
3 17
3 18
3 19
2 19
1 19
1 20
1 21
2 21
3 21
4 21
5 21
6 21
7 21
7 20
7 19
8 19
9 19
9 18
9 17
10 17
11 17
11 18
11 19
12 19
13 19
13 20
13 21
13 22
13 23
12 23
11 23
11 24
11 25
10 25
9 25
9 24
9 23
8 23
7 23
6 23
5 23
5 24
5 25
5 26
5 27
6 27
7 27
7 28
7 29
6 29
5 29
4 29
3 29
3 30
3 31
2 31
1 31
1 32
1 33
1 34
1 35
2 35
3 35
3 36
3 37
3 38
3 39
4 39
5 39
5 38
5 37
5 36
5 35
6 35
7 35
7 36
7 37
7 38
7 39
8 39
9 39
10 39
11 39
12 39
13 39
14 39
15 39
16 39
17 39
17 38
17 37
16 37
15 37
14 37
13 37
12 37
11 37
11 36
11 35
10 35
9 35
9 34
9 33
8 33
7 33
7 32
7 31
8 31
9 31
10 31
11 31
12 31
13 31
13 32
13 33
13 34
13 35
14 35
15 35
15 34
15 33
15 32
15 31
16 31
17 31
17 30
17 29
16 29
15 29
15 28
15 27
15 26
15 25
15 24
15 23
15 22
15 21
16 21
17 21
18 21
19 21
19 22
19 23
19 24
19 25
18 25
17 25
17 26
17 27
18 27
19 27
19 28
19 29
20 29
21 29
22 29
23 29
24 29
25 29
25 30
25 31
26 31
27 31
27 30
27 29
27 28
27 27
28 27
29 27
29 28
29 29
29 30
29 31
29 32
29 33
28 33
27 33
26 33
25 33
25 34
25 35
26 35
27 35
28 35
29 35
29 36
29 37
29 38
29 39
29 40
29 41
29 42
29 43
28 43
27 43
27 44
27 45
28 45
29 45
29 46
29 47
28 47
27 47
27 48
27 49
28 49
29 49
